7826808408476647,32,-192,649,-2249
518422416161606631,32,-192,649,-2249
667322678841543655,32,-192,649,-2249
719677024509725671,32,-192,649,-2249
292003194147076100,112,-192,1129,-2249
851407313610312679,32,-192,649,-2249
98396237239466122,80,-160,649,-1769
322402491631826948,112,-192,1129,-2249
870829087003347943,32,-192,649,-2249
218867527271626890,80,-160,649,-1769
294584296006793354,80,-160,649,-1769
392208285856069636,112,-192,1129,-2249
313161644469696650,80,-160,649,-1769
378182364089858186,80,-160,649,-1769
466565506777004170,80,-160,649,-1769
482843228356900868,112,-192,1129,-2249
488520554960435338,80,-160,649,-1769
737062959395944586,80,-160,649,-1769
751136708231477386,80,-160,649,-1769
765773407020431498,80,-160,649,-1769
807713178550319242,80,-160,649,-1769
809402028410583178,80,-160,649,-1769

5729127124945969161,80,-192,809,-2249
540175219875803220,96,-160,649,-1289
67701885522538832,192,-144,1769,-1289
798972334861057236,160,-176,1609,-2089
-5964544612855878041,256,-144,2569,-1289
2483037120520912084,160,-176,1609,-2089
1054834628846809424,192,-144,1769,-1289
1197260967062401360,192,-144,1769,-1289
1257778087055192400,192,-144,1769,-1289
1567400561436914000,192,-144,1769,-1289
1854223562705072464,192,-144,1769,-1289
-2201224174234407321,256,-144,2569,-1289
1990175976456319312,192,-144,1769,-1289
2021419698871202128,192,-144,1769,-1289
-1103190290086138265,256,-144,2569,-1289
2378329969340313936,192,-144,1769,-1289
2556785104574869840,192,-144,1769,-1289
2947753847225971024,192,-144,1769,-1289
3476082378511872336,192,-144,1769,-1289

2025498964212427899,128,-144,1289,-1289
5417553908552543355,128,-144,1289,-1289
-4633073084854850437,128,-144,1289,-1289
-866093471536141189,128,-144,1289,-1289

